1000
686
846
434
832
808
626
215
8
380
380
765
413
768
185
846
981
514
74
222
949
374
109
23
974
164
850
996
146
242
845
698
929
380
823
450
879
448
666
887
828
736
651
932
194
527
777
865
40
541
777
989
916
576
702
889
431
241
574
577
484
418
275
102
489
97
552
367
235
908
253
754
644
595
375
528
121
842
392
852
383
169
840
989
745
231
567
175
473
140
443
647
249
408
749
738
195
991
795
120
899
738
874
232
332
939
450
143
781
842
995
854
10
834
532
446
756
98
311
919
929
754
565
868
161
3
605
46
684
89
167
272
828
40
194
850
670
644
994
140
486
988
994
186
512
215
322
267
3
634
876
932
77
130
800
239
133
94
285
507
184
452
780
702
183
974
551
543
618
234
683
794
222
366
980
734
581
302
691
584
626
566
515
703
696
4
632
519
99
608
25
974
750
805
365
933
469
606
165
86
841
848
880
62
213
549
486
794
541
176
377
166
432
583
560
818
587
191
336
376
799
51
39
549
547
404
171
15
10
337
101
851
875
671
603
88
910
88
572
451
955
950
307
386
222
557
203
499
749
229
876
237
280
605
476
827
700
338
842
710
365
633
250
239
994
543
17
904
631
590
44
275
229
351
661
451
909
554
950
347
473
515
274
753
120
441
270
820
779
802
219
834
125
159
763
118
702
781
712
22
370
756
297
599
798
648
740
396
201
689
743
674
895
707
116
14
147
386
524
926
879
433
449
3
592
212
812
984
993
524
5
52
970
302
341
767
640
80
853
841
459
285
204
353
993
320
57
139
397
271
756
966
704
204
969
986
106
470
969
98
994
664
841
654
656
181
110
295
952
964
826
101
248
29
454
240
40
202
70
127
473
516
92
868
410
751
853
517
220
512
305
905
175
146
558
832
17
668
126
970
631
953
70
570
672
214
500
712
106
570
529
580
776
311
137
186
61
990
703
282
191
698
877
367
844
434
198
862
792
14
521
113
657
281
683
329
495
873
731
292
443
951
562
909
261
699
94
323
378
487
295
570
185
171
937
719
295
825
580
777
529
791
890
186
71
262
205
257
135
626
549
268
576
110
176
838
499
962
851
877
448
145
446
633
6
72
352
992
897
622
768
426
103
348
302
174
610
507
121
435
132
670
393
709
470
570
236
969
531
86
536
669
922
982
993
928
54
34
609
641
346
376
66
449
414
368
624
715
565
745
149
698
105
233
96
265
803
332
925
23
108
460
382
29
441
374
647
185
98
255
827
445
321
893
894
736
952
207
450
206
953
289
904
748
522
690
12
14
712
937
728
820
86
110
849
528
174
495
713
273
440
539
718
762
122
301
187
764
509
327
970
151
306
564
899
519
944
601
533
656
228
952
475
314
752
324
532
926
509
245
889
950
474
606
711
286
908
588
49
106
915
710
257
911
964
155
429
907
446
963
562
364
604
37
679
355
361
901
280
870
836
169
819
310
465
219
286
62
497
26
168
101
736
425
12
699
270
441
605
717
93
167
771
697
895
449
51
255
40
22
815
876
191
324
185
346
233
472
99
731
188
267
832
924
383
844
312
653
976
917
59
68
774
521
766
668
970
817
613
9
839
428
886
720
442
761
757
675
923
856
405
110
813
928
724
195
771
35
539
746
643
288
505
416
809
270
775
469
777
77
168
616
505
744
25
947
195
782
312
808
327
717
919
140
644
332
25
105
368
564
541
701
543
45
807
41
5
581
510
783
659
369
88
854
112
113
491
998
586
803
806
913
209
414
52
544
746
78
339
804
332
880
504
565
616
311
607
621
582
807
93
931
175
181
785
979
295
966
976
571
768
781
483
977
194
226
210
631
995
549
434
16
429
939
582
735
940
879
355
521
685
139
452
551
320
236
529
305
201
194
876
659
666
49
325
550
966
536
180
650
84
615
666
203
243
938
628
182
816
674
393
191
813
845
432
132
771
961
438
662
845
3
10
510
52
336
60
17
562
931
667
336
235
23
230
168
961
858
350
467
531
434
348
343
278
780
476
49
430
604
401
274
607
412
475
660
748
225
367
1000
155
725
335
391
748
565
249
398
423
600
555
954
33
903
988
1
372
463
741
802
757
142
767
363
244
241
713
992
156
80
681
311
805
15
392
242
581
642
640
694
932
886
337
655
478
324
656
851
477
87
342
233
229
799
287
473
730
1000
154
886
770
835
197
574
540
279
506
811
921
146
504
542
722
532
196
199
856
543
49
23
630
82
256
549
881
233
712
611
233
556
496
2
80
383
267
620
663
773
121
273
609
