10000
1904
9483
2736
6336
9235
1123
5074
7841
3956
4402
5056
4334
8121
9512
7764
4853
5619
2831
33
3675
2243
7773
9038
2619
1569
6206
8746
313
8764
7434
8696
668
7995
2510
8083
7229
4712
4235
6148
8668
8637
1204
4081
6758
1794
2923
1610
8493
5755
2722
2167
7998
495
1205
1696
2064
8490
1520
3457
7253
8954
3231
9000
8028
5741
7082
5256
452
1316
2483
199
1032
3687
5359
7790
6560
8282
478
5052
5115
4280
7220
4192
4775
9504
5888
7918
7993
8487
2453
6324
8519
5684
5324
6546
1424
3484
2881
2956
4801
5364
3155
5833
9051
9593
4701
6689
8953
6258
2820
4068
537
39
8260
6391
621
5226
5388
9693
4791
7841
6016
3309
3525
1339
9856
6028
5903
2736
8984
703
8100
3217
7615
8229
2809
3394
5996
2841
9652
8816
6909
1268
8855
6247
7659
554
2551
3046
246
7342
1966
6263
650
5491
8681
1584
2597
4583
5399
1581
6365
3498
5877
3979
2805
9766
7373
8802
2606
8104
7617
9515
9372
7551
6840
8109
8105
9391
2234
8352
6732
4200
5693
8461
769
4373
1124
3366
35
6523
6026
6400
1100
1903
1458
3905
1668
9910
3785
5353
8013
1402
4867
8463
31
2785
6572
9215
2175
8806
7566
9986
4084
3258
9525
4853
8711
648
8219
8746
7172
5324
6224
8272
7227
7682
3255
9974
7592
7041
5326
6683
9522
1271
5146
631
4056
1717
9846
7310
1601
8491
8374
5685
1748
7898
1616
1537
9626
913
1361
7876
6237
7586
7226
3463
6346
480
4515
5016
8600
9841
1699
9200
2190
6845
9831
6246
9641
755
4634
1241
9246
3007
8005
2072
1984
9621
3610
1609
533
6050
9485
7850
4714
7789
1312
2139
8269
6907
7155
7948
6747
8854
8226
16
6777
9136
7341
6417
9891
1975
8737
9136
6061
7820
2286
8045
8519
6975
732
9053
3025
1295
7981
8818
9084
9293
956
8432
7278
8112
7458
5104
8044
5683
5120
5900
4818
2460
3395
5787
4435
2132
6001
1575
1030
8288
698
9550
5262
1431
9681
9366
3805
7661
8184
3968
8032
218
3478
5310
8330
935
413
7453
7697
5533
3352
3594
9072
6747
9381
4586
9958
5382
6161
988
4748
6859
1616
1088
9369
1296
1533
3174
35
9717
7142
8067
1013
1698
3376
422
2633
4868
7875
329
1479
2305
3923
551
9052
4383
5137
88
843
2376
2155
6670
9235
3771
7758
9683
6146
9291
2856
6181
85
1076
5326
1099
2774
9782
2600
6486
4649
474
7894
7208
2779
2896
7759
2909
7279
3974
4076
9201
7429
7310
5870
6663
1080
4706
6345
8305
5076
279
5564
5161
2434
890
7339
6287
671
9939
2772
6399
1491
666
4685
5349
3562
2443
9338
1919
7496
4492
1119
4924
1802
8068
2666
2882
2773
89
2266
7849
1448
8909
4089
3882
9799
2506
169
1548
3524
4020
9027
5015
4686
3711
1443
9327
7234
1859
1245
5808
6351
3443
732
8153
1510
4477
2114
4284
5645
4380
3211
7093
3288
8379
975
4166
885
2223
6793
4409
6243
5819
502
2008
609
3024
1334
7843
4883
3659
3650
1234
7102
5461
465
8613
1016
2579
3975
6662
8038
8265
4833
2405
6644
6887
6571
8608
9110
4442
3016
6432
261
4597
8440
1949
7622
852
9792
3583
4511
4520
5896
2692
1060
6362
2383
2076
8941
6358
9817
8058
5701
4650
462
3423
1536
8112
2030
1725
2553
5046
8157
3893
722
7675
5842
9423
9606
5633
3005
4117
1232
9981
6809
2292
6342
9192
5447
6361
6628
6343
4418
3407
992
4880
6831
3607
2991
8861
5332
5545
4986
4567
516
5708
2241
6359
6209
1847
3070
292
7043
4302
272
4930
7673
6614
5200
4199
4054
2906
541
8472
6313
2612
4431
3143
6219
7422
2004
2630
4045
8069
7197
5641
3776
517
1999
1063
3443
5069
1355
485
450
1628
6494
9202
9321
1693
3400
4453
4599
5020
2925
1990
7632
7356
5134
4930
5856
8217
7560
980
6285
5835
6621
1139
6352
9699
2202
9795
4767
4636
1358
6296
7343
7852
5498
6664
623
9977
1116
6301
4997
5120
8292
3707
3554
3425
9716
9411
2720
8354
1469
83
4189
9169
1222
1619
8867
4503
2493
3633
9139
3851
1008
6482
2782
6506
4224
3405
7561
6419
9707
3636
1539
9077
7344
5093
2501
8138
5582
6300
6492
8130
6383
1759
7298
7605
3378
6164
3186
6950
876
2324
801
1884
9885
4662
9469
4108
9146
7029
527
8852
665
3145
7928
9088
9317
1507
7225
4899
8886
4795
4107
5268
6554
1405
3951
1011
7569
7137
7961
8445
540
9841
1407
424
5581
875
4533
4727
7905
6139
4657
9649
9284
3664
8736
9679
6250
7039
5656
5136
1834
9764
1482
9467
1168
5434
1556
8737
3649
596
8261
5268
1515
746
5693
7097
1622
1304
2902
605
8522
7559
1332
8884
1222
67
8562
8552
8185
4218
3687
1097
3981
5169
1643
5149
1681
3199
4964
6410
3795
4303
1677
6390
5050
7370
3486
7751
9753
6388
8356
8274
5025
9688
7157
7327
833
5719
5878
96
1015
643
1194
4996
6891
2837
1223
9652
6036
6187
6061
910
1569
7738
7300
6619
6187
1864
4369
7018
9331
3803
5292
4355
3490
3527
2760
5402
9246
9717
5498
260
359
6692
6335
7251
607
7558
6902
7723
4824
4041
9712
6393
2857
7011
3011
9044
9954
8459
7141
9284
2261
2432
4717
6830
5959
7478
3310
6284
7194
9887
7623
8633
7658
3958
5883
8265
2594
3863
5987
7418
8983
5698
3810
1839
3787
7900
1962
3740
6358
9103
4102
9698
1534
8820
7606
8572
7376
1994
5934
5648
1881
3557
4280
9539
8594
1241
7803
1187
6183
4869
8606
5165
1645
2415
7005
5433
315
8967
251
7752
8069
5433
8529
681
5331
6134
9253
2706
8129
6266
9433
9
9823
4792
9548
8416
7112
8429
681
3295
4376
9287
9539
6022
1702
7622
2533
3096
6588
2784
1926
5735
8217
454
7495
4626
6589
7827
7332
5796
4092
7844
6884
3914
2635
7510
3408
9747
5938
4089
4120
314
4455
3659
7415
6157
1280
9948
331
8948
3810
2257
5761
3106
2712
3256
7732
379
1082
6143
6175
6253
3986
3058
166
7700
567
4653
7446
7584
9821
1566
8977
4275
6304
6391
1510
8663
7417
1841
7610
1227
5178
4450
4333
7890
7706
2064
9348
9867
9286
5522
6119
3271
9659
7364
970
1304
3095
9496
9967
2915
2140
8944
7191
8444
6413
8701
7106
3830
1621
5795
5057
6799
244
468
5767
7950
3611
5114
8895
2897
635
6092
6168
1372
3455
8218
2676
6550
7713
2642
9465
9853
2664
7734
9375
9078
6435
6480
3986
9135
3353
121
5933
3597
589
1699
2625
4200
6813
2598
8176
8527
8690
5423
9899
2144
3640
3653
9773
2431
6295
316
3362
8960
8050
2736
9116
5563
294
3101
4697
3648
3222
1708
8324
4890
4486
949
168
2377
3547
8345
903
2237
3767
1880
5460
8486
5533
5233
916
2907
6628
4278
2945
4677
7014
3139
1319
8387
6240
7095
2034
540
8804
358
5430
3289
2386
5598
6746
5933
3942
7649
9249
8788
608
4709
7273
7220
1020
8189
126
7648
3545
4150
3403
1637
7289
4722
24
4607
2896
3137
5147
1699
3495
576
6067
5881
6175
2812
2893
1195
1540
2141
9984
3227
7929
7256
446
27
6524
1652
7675
1147
5802
2157
2785
3091
7958
3888
8777
853
7025
3924
2552
520
4500
9699
7480
1753
3589
1451
4028
6208
4672
4011
9435
2600
2345
9882
3707
9948
1533
2460
1095
7335
4617
4959
1504
2575
8847
281
3428
5871
5284
7060
7470
862
6758
4950
2616
1425
7480
7723
7634
2151
1733
7068
5831
5157
8028
9538
6184
9561
1997
7279
7975
6615
2237
557
268
2162
1917
3696
8033
7201
1834
5503
9143
9671
1531
2837
1096
9011
559
9809
2241
3371
7955
8072
8528
5983
7609
4711
6622
684
3068
4596
8378
6384
6233
8646
8546
8150
3421
7658
6430
5255
3160
5572
4926
5770
8409
7101
5859
46
6909
8100
3417
4863
6171
1944
845
4858
7735
7468
6622
1881
3142
4999
8266
9375
4724
7890
8604
8145
5547
6112
4478
9786
2762
9404
5555
2249
6504
2493
2295
3412
592
5712
9355
7843
8735
199
3779
7548
8746
400
9430
2967
5400
8774
3420
123
6663
2023
9347
2210
9214
3824
3074
3054
4307
9709
5303
810
2201
8677
5302
2793
4388
4656
1714
4202
5934
5494
1749
4680
5894
2257
7647
2372
1030
1066
3574
7694
4169
2920
982
4461
7824
5135
7516
2130
4843
3897
4019
7044
2574
9321
916
6962
5055
2630
2242
989
9203
3992
5669
5097
7328
4394
7469
8359
6539
2122
7131
707
6121
9192
6248
3944
4326
3763
6074
9170
7660
1172
7292
233
492
8208
8275
5548
1917
516
7616
1119
5587
4363
6216
2915
8757
4764
2352
5295
6886
9483
7082
3006
8674
3329
8030
4078
8171
5182
3247
6909
6354
539
7143
7926
9826
6496
4552
1742
8091
2167
2862
3678
6530
9078
7672
6365
4920
1102
1659
2884
584
9820
6970
336
4227
4999
4414
2397
1259
8741
385
7614
9280
7528
6618
9105
5102
1169
847
3192
4415
4788
7949
944
4944
6699
7309
9865
7801
46
3827
9464
945
796
9800
5172
6874
5293
8649
9213
4033
9034
6826
4391
7640
4522
4574
2741
5691
6500
7012
105
1287
6040
2128
6232
2738
515
7175
539
561
1001
1081
2585
2877
881
7758
829
7253
6406
41
2364
6518
7946
6755
4157
2467
2407
6898
9237
8908
4988
420
1273
1027
3627
7505
3766
4142
5758
5384
5783
7839
6465
8368
1794
8425
6125
2623
6756
3609
3744
9120
126
1689
5874
5362
5236
8282
2259
4472
8268
8327
5972
9541
9354
9599
8125
4198
3741
3882
660
602
1720
7126
48
4593
6629
7253
7217
3385
861
960
2504
2067
3728
9458
7429
8964
8818
767
4515
7085
9094
486
6625
9526
84
5828
3724
4904
9711
4384
6585
2509
2588
6634
7103
296
3886
5398
4760
4747
7437
7264
7893
1164
7800
5322
1207
6617
7168
5722
4780
6261
7287
2484
6865
7371
8312
588
3354
9101
6052
9939
1610
9719
7651
9792
14
1536
5189
4774
7363
3704
3117
5255
4868
1995
1655
6075
8613
8823
2875
4471
6162
161
6955
4106
8612
5267
4694
3044
4367
1824
4061
7056
1543
1712
6847
2636
3248
3114
8490
610
6818
1606
6945
2765
3601
9679
9919
3292
9581
3873
8843
5742
4034
5797
926
3724
2142
5621
6768
7589
8524
829
4644
1145
2541
2570
3782
6868
6763
2271
8558
4660
4956
5502
7425
9636
6259
8422
4007
5839
2294
2849
2660
7408
9725
3586
1131
1867
285
7900
9456
8810
9808
5178
9955
2348
7748
4815
294
4511
8165
8852
249
3120
5432
8753
3835
1691
7174
7842
7530
9469
1769
189
6876
1493
3776
9086
3360
4061
6985
3894
3949
6792
9073
4983
218
6820
9798
513
2409
7963
9365
2658
2161
4797
2489
5996
6488
9664
4916
5096
210
6685
5286
8165
8179
140
7250
2617
5280
4235
7591
308
2105
6663
5291
2324
4561
5088
3916
8050
4129
4359
1786
6291
234
4276
3365
6722
3939
8282
2897
4149
6045
9262
2313
4223
9402
9563
7920
5760
4876
5510
6068
6982
3251
2437
384
7812
8605
5379
5861
2733
9738
7648
102
9973
3002
4547
7773
6941
2828
669
2168
8873
9931
5560
4175
410
5122
3173
7250
1077
9762
4396
9138
3012
6834
9522
1902
6517
5979
8843
328
5716
7569
431
5688
570
6057
4540
7511
8885
5209
757
8836
6219
6317
4089
7708
2517
7262
6036
3594
8102
432
2731
1113
8345
3331
4095
5940
9310
2937
6268
5026
505
7778
1792
2154
3834
6332
743
3797
2620
1500
2633
9918
7817
6722
8704
333
5063
4740
5007
3164
6251
8817
5357
5674
2148
9452
1613
2536
3467
7881
7562
5051
5659
433
7205
571
7844
7948
4369
1542
9448
7002
1459
8343
4802
163
9755
943
5982
4761
5187
2232
3578
1622
7906
6805
2152
9519
9341
5619
8478
7982
1748
4136
8415
8953
4708
7337
7979
155
8880
8505
8236
1417
6847
3037
2659
7680
5060
8641
3520
1325
872
7098
2947
9857
4981
5099
453
4321
717
8932
2302
2465
3067
1795
2496
8854
211
474
9009
9091
8979
7244
507
6904
1360
4246
5662
7499
2886
9182
8824
4838
7358
1770
4694
2338
6869
5148
6660
8665
4079
40
2208
8225
2915
5783
8158
3126
7336
8245
3295
7393
6568
4881
4296
9007
9127
9958
6505
2013
218
6407
6851
7576
8177
2623
9915
6124
8850
7653
5867
4007
8772
9154
2232
1686
4936
1468
5891
2271
9713
9186
742
6280
4067
5038
5286
4272
6074
2869
6285
6292
9276
4214
4947
7452
7917
4861
4654
6766
2513
520
773
1284
752
4084
4050
6767
5552
9941
9038
6343
205
9780
2623
5351
5896
8988
9623
3049
1857
5908
419
1132
1200
5366
9664
9117
1305
5396
6962
3818
6996
8814
6182
7748
2897
231
4515
9528
1250
4631
5870
2534
5490
9572
7885
2464
8560
7508
6592
1495
4494
8091
3706
6773
4535
4448
5890
5841
9845
3930
737
6840
2743
6919
5666
6719
8229
180
7325
558
5891
4273
3092
1380
3845
977
4923
3483
9564
1515
6057
4057
9606
9763
1908
4140
4211
7798
1059
5134
2806
1797
3052
6628
9795
8718
3346
9103
9978
1749
9661
5868
6023
3831
8327
946
5887
3249
4429
5450
4764
485
585
5448
1326
2494
9589
6616
1370
647
1749
5256
3523
4801
1883
3318
4598
6309
2420
4575
8058
3159
442
5159
6990
8769
6105
3956
3096
533
9406
7861
2097
1070
3308
4503
4643
3975
1118
6013
5702
3947
1268
303
9827
4231
3621
4424
539
7120
8999
9676
278
519
4835
8348
366
939
2303
3463
2552
2787
2402
4649
3857
6789
230
8500
764
1349
5592
7545
6375
6860
7848
6201
2169
2548
625
2708
9668
702
3463
1025
1222
8298
9373
1588
315
2754
6130
2867
5541
8532
8596
9399
5321
8826
8977
7164
1253
4568
5787
7628
2507
3634
3829
4676
7261
5533
8464
8008
6235
1926
9033
7457
223
9484
124
538
2237
7333
4485
7778
5865
3080
8255
2264
2984
7232
9428
4238
1799
5214
2944
4306
9927
6773
61
8267
2305
8525
6274
9620
450
5306
8155
1752
5868
9358
2290
8105
6691
7854
6961
2555
933
5216
4819
4997
3526
5325
313
6404
1617
3257
710
1543
1109
1850
9810
4493
374
7162
4112
824
3546
2267
2576
9414
1624
5945
8597
8315
3799
5558
1948
5811
1852
7846
1886
5378
3170
2199
1781
5866
5457
3570
7410
6566
5420
8298
1058
5794
5460
5171
7697
84
8517
1351
9499
1219
7297
8095
613
2174
3652
2561
7985
6583
1486
950
1960
5735
3149
4821
1601
8606
8391
89
5171
4890
8387
7309
1762
4925
3558
9460
5010
2074
810
5587
3293
8107
3681
3906
1359
8413
7547
423
4995
9033
1373
8035
4767
4522
3934
7447
3128
2324
7536
9378
8293
5923
7765
55
1926
1322
9515
8015
3396
324
3601
7769
9511
8362
1674
869
7853
299
2371
3926
9332
3744
1960
5178
8267
5894
2624
2473
9298
160
2929
7590
7162
694
7645
166
2016
8238
8182
6492
8563
2861
4260
9152
1222
7013
1099
153
7313
3471
4080
7723
8294
6040
3979
6560
3013
7683
111
3389
8922
3041
2057
6083
4814
9703
7328
6830
7940
6588
4400
7581
9450
9739
7811
1750
6752
8911
1904
5143
3460
5984
3944
1753
3102
9003
9393
7194
6685
582
582
5606
4702
2640
2767
9516
3421
94
7425
2439
7762
1824
20
7211
1563
7831
39
9394
7820
3022
5615
2358
84
9559
5191
3187
8561
4583
1459
6324
6244
3121
1929
946
5761
5775
461
260
6949
8965
2699
4710
789
3798
2999
3431
2708
3038
2824
1606
7140
9518
3965
7224
9076
9156
410
8716
4817
2949
5039
2139
6070
8048
3085
2909
3822
4626
3169
770
3590
6947
5480
5458
1824
8479
9968
4532
2596
3870
7217
9736
3387
1181
6959
2463
1415
8449
2257
7311
1397
7296
9451
7467
6422
3614
375
244
9319
4623
1014
2909
1569
7574
9446
3393
6052
9414
9004
9727
4362
6221
9462
7750
8481
7500
1291
975
5948
3548
8286
8424
1922
8815
5890
8345
3508
7344
8589
2826
3045
681
6814
5693
8255
6260
165
5386
6752
9169
5112
1113
6468
4574
9942
4949
3152
1232
5924
9100
5859
5288
7523
7782
5182
4491
7205
8690
2913
6872
2594
7037
8632
9409
2729
6887
6747
2894
2272
4577
3142
8463
5690
9610
4115
6711
5637
7267
7943
2639
6366
3802
7928
4967
2662
4188
536
945
2877
4528
7817
5471
1564
6448
5958
4294
4413
2704
8267
7764
7281
1408
6227
4050
2097
341
760
7734
7609
9782
373
5053
4662
8301
1099
7324
3567
2714
9348
6444
7243
7164
2993
9886
4691
8952
5258
9104
2734
3525
6868
1094
6012
3094
6223
8109
4514
8062
5843
3201
7843
6216
8255
3584
5595
432
1986
9162
3146
1334
6684
1467
8498
755
1353
3188
785
7690
3371
3520
2293
238
5693
8306
4411
1915
6414
8925
9977
3335
2126
8898
629
1459
2481
7303
1891
4468
6464
5037
5802
4226
7584
5378
4982
15
8567
5767
7705
3016
365
9999
3254
6058
9383
8744
7973
6875
7668
9028
210
872
7926
839
2331
406
8143
5301
5953
5685
1417
1754
9912
9001
7133
5972
94
6778
2817
7799
9794
3183
8876
4126
319
8258
2869
9372
6212
1615
8399
6422
3567
6324
8340
6977
7810
6482
2278
3762
3246
3695
6596
4236
3774
4807
207
3868
2663
4103
2745
2456
7286
2700
7661
8685
2036
529
8056
8248
3223
6454
4669
6790
3857
4088
3767
1666
569
6045
6507
4894
818
4181
9130
5671
8988
9337
617
1650
4519
4441
5185
1804
7141
2845
1567
256
4453
9623
8504
8756
6077
4252
5545
9934
8340
9312
2678
9988
6435
263
4882
8332
4445
4011
5081
4511
4427
6777
6162
8946
1218
2425
1828
9438
6350
3396
9694
1881
4097
9277
636
173
4607
6182
1185
2946
6572
4942
4012
4086
5206
8894
3496
729
3984
8578
5240
8411
6433
2480
8435
7651
5985
262
8168
2334
4737
7861
5294
8835
8216
5931
86
2822
3191
2351
5768
9763
7293
9781
4927
3577
9753
9503
5385
3736
9159
1704
3225
5591
5263
1659
3242
1247
3001
1409
4660
8817
348
9955
7651
8565
6964
8817
1386
154
1167
8234
995
8460
9093
5923
3116
8845
5425
8501
3660
5662
204
6885
1252
6547
9624
5573
7794
3703
6982
3533
2519
8410
4566
170
6974
1529
8987
9439
1683
1232
7672
2678
770
7843
9680
3886
7767
6183
3466
1426
1844
4749
9390
3097
1295
91
8670
168
3794
6731
3701
6314
5140
9346
7563
3192
874
7628
2630
2557
8860
1381
6314
9630
302
5994
4595
8069
3255
8061
573
5100
2809
1042
9276
4105
1133
9024
5352
6007
5754
131
2320
1972
9477
961
5164
350
8589
8874
3986
8527
1333
299
8156
2714
7372
2750
783
627
1889
2435
6806
5778
4556
6081
961
5690
5104
6313
2775
1937
6444
5095
3909
5920
7135
152
7349
5723
104
1334
4249
1437
2712
3483
4151
1163
7313
6013
1790
9202
9528
9675
4979
4083
6834
5940
851
1937
3331
3626
4953
9775
9800
8863
6773
6934
93
4121
3735
197
6534
7984
2713
9247
2546
7943
409
9859
3956
3278
138
4562
4031
6197
8645
864
3215
575
3880
6547
4201
8834
6321
5080
8775
4173
3092
8868
8294
6828
9065
4828
5890
1777
5153
8436
9720
6641
9373
4754
997
9512
9316
5028
5708
9040
5892
8923
9615
850
6548
4894
9684
3948
1052
9537
8121
4145
8404
6414
2051
8547
2320
7941
1402
7473
7456
2201
5192
6828
8034
6189
7418
8429
2295
3125
7468
9266
3127
8161
116
753
4133
878
4701
5186
415
2821
409
9898
9236
2460
8445
2634
1479
925
1186
8935
3126
6378
5763
2239
3646
3180
667
5941
7385
9214
5207
1590
8453
5323
2343
3664
7280
7045
8850
7695
944
337
7593
179
3876
7116
3893
5356
8041
5079
4290
2246
2535
1131
4485
6181
5391
6231
2122
3854
5444
8408
6523
4975
4809
9945
8639
2088
6989
8568
9784
7934
8905
8455
9192
2781
5570
3084
9216
4689
9242
3505
8014
1777
5716
3577
7958
1106
9808
1158
6039
6330
644
2561
1304
5453
2505
1022
8621
573
9590
8404
9586
9573
7937
8777
3432
4585
2940
2647
352
3260
7232
8367
5037
2947
1943
4074
5132
2830
6311
1170
238
6956
3731
2622
3487
7315
3644
2107
7888
3233
1589
7473
3884
9526
7329
7317
5189
1347
9964
5542
4607
8274
3908
723
1220
6930
5876
6352
838
2186
8601
1077
220
3410
3699
3708
725
7343
5815
9692
1654
8484
8244
5538
8009
5572
3933
4277
7998
3897
9819
3683
2170
3726
4406
4470
1734
1360
1900
2573
3547
501
3650
3767
4990
8428
8554
5715
5770
5448
6486
8503
3931
4729
5119
3018
1379
9053
7295
9377
2949
8192
3059
6198
2996
8545
1746
4731
9905
3647
8383
4530
5227
2032
9377
216
1538
9009
7011
8387
4456
3496
6889
9466
8225
2007
3563
9604
1059
1936
58
5087
128
4196
2364
3124
3819
4110
8934
3724
8836
7316
9333
4062
426
8709
5358
1964
8797
2368
350
3252
5864
7239
3797
5167
325
7360
5849
2463
374
5907
8630
1581
1181
993
4706
5001
6182
3639
9804
5018
2034
9136
158
2460
8924
5516
4425
7720
7884
4775
2050
4826
3093
5847
1071
4497
4285
6920
6960
5739
3905
5589
7320
5087
7661
2025
87
3843
6744
9891
9940
8778
104
97
1237
9028
5614
6741
7826
4576
2595
9877
9403
6767
6802
473
1263
2166
8473
8223
7905
2377
4891
5224
7464
2551
8329
7551
7473
6151
8520
7412
6007
8625
7510
8323
7652
3123
5064
5478
8778
8738
6433
8180
5504
4313
9733
6767
6479
8205
6068
5462
581
2037
1765
9125
5668
1172
6675
3140
7323
5195
552
4408
3819
9141
2730
2549
3342
8873
9106
2119
7610
5538
1378
4192
9852
1110
958
7409
9315
8106
2871
974
142
4636
98
5810
5808
7853
29
4209
4126
1660
8617
7945
800
2425
1572
4142
1298
678
7340
9987
6216
8718
4179
7146
9828
6216
4555
220
4321
7426
2274
5543
3140
3451
2431
8948
1303
3539
3156
5429
5199
1772
4452
7078
4197
6025
1219
6574
6703
9639
6561
3997
8356
1818
2222
9263
8034
6777
561
3434
5281
2835
55
8421
6287
3565
8447
8669
7105
1602
4098
3382
4453
9629
460
9729
5653
2758
6303
3434
2396
3942
8511
752
6839
732
1093
5951
8588
1654
9385
4947
4490
518
4446
1855
5163
2892
523
2267
4494
5700
6728
25
5329
7188
9754
2060
9947
7135
6574
2342
1076
5084
4173
7915
6895
6345
4945
6561
8000
5408
1507
3568
5927
7032
5423
2168
9924
7025
4435
5496
2725
1162
5521
9133
9430
6353
1192
9376
3488
8845
2796
5643
5007
6970
4637
1901
3314
9582
9541
2392
4989
1047
5960
1994
8079
2461
4162
9081
9487
9676
4576
3290
1917
1175
2422
1346
7529
4693
1800
2095
3538
4596
8817
9624
2644
3453
1525
7038
4113
1065
9430
181
3192
5390
2175
2349
8930
6338
2509
8416
7092
7085
2784
9009
9340
5206
1433
6868
978
3233
41
5595
7830
8858
5218
473
3390
7822
7511
7503
9967
8020
7684
4237
4488
938
7665
3417
7276
173
2912
5446
8338
5696
5534
7677
1981
6967
5623
2959
200
5664
9633
9109
5600
4850
660
8990
3751
9251
7572
3717
7270
5255
7954
1757
6193
5618
6253
4547
6871
9165
1072
5208
4861
6606
2884
7921
3572
9586
879
4851
5249
1590
3959
1927
7519
4620
917
1269
3870
9568
6065
2218
4822
4018
5054
2094
715
1306
7720
7586
471
8792
3872
6411
6476
6756
4331
48
7420
6289
5978
3747
8958
9938
5674
6476
5636
7670
7746
584
7237
3810
2802
3138
8908
8935
5232
701
240
4030
9366
1790
3901
3237
8201
376
1071
3610
1503
8491
977
7482
2237
9935
7419
7911
7490
4133
5581
5235
5796
3896
123
9677
7034
109
8611
3344
810
8851
7375
175
641
2354
3412
9921
2730
4483
4610
5313
4052
6666
2794
6289
7680
1291
5279
5169
5424
1938
1482
2298
5834
2684
1974
2868
2794
584
6212
3604
513
4665
4859
1154
7019
9350
2154
828
4912
6764
6141
8964
4508
8935
6332
2187
1304
1610
8435
6728
3548
9917
9026
9382
2601
2078
2249
6474
2662
9541
1156
3175
4205
6015
5409
2303
5365
7563
4210
1355
5405
350
318
9913
363
6650
3179
1667
9339
1613
9474
2886
1530
9578
3347
5210
1655
5596
1683
4317
6215
2839
8571
1499
9934
3979
4881
6377
2620
9091
7732
9104
9441
9129
95
882
6858
3274
2549
6196
4887
2022
9083
7496
1599
2429
3784
4333
9104
6546
9729
6398
464
8299
7897
397
3357
2777
7853
7056
1867
5584
6160
2386
4712
6255
3268
2648
9529
6896
8845
5494
8918
9006
4069
1595
1434
8932
7007
1616
5478
6735
8014
5942
5033
6989
7418
9469
9766
5270
6525
2711
1932
2684
6176
6644
8939
9444
371
9546
7418
9216
6118
7414
8221
186
9009
733
9119
6015
2349
5675
3828
1442
1616
9941
8431
112
9409
9276
5382
5933
1986
7314
9696
9242
5036
9713
8685
5407
9258
7182
4622
5376
4595
3921
6641
3604
4654
6838
697
7004
2512
5605
8446
5207
5545
6876
5319
4953
7230
700
1965
9217
9093
1660
8458
4129
1373
8221
614
1709
5402
5237
8164
9998
9158
4805
4680
4891
2721
6456
1894
5234
2060
1418
1519
8684
9373
6839
3637
6603
8618
5602
6898
8790
8341
5355
3997
9714
4654
4611
2502
1135
926
665
2211
1163
6549
7970
6054
9271
5504
7948
5583
8644
444
8181
7327
9817
5019
963
6419
4716
7644
3316
4584
5985
9750
8581
6777
5483
3191
9279
6618
4118
1023
9908
5281
7572
8956
1334
7921
4459
360
4582
3102
804
2763
429
1699
8861
2471
8119
3576
1194
2513
9239
7179
2263
7819
5034
7746
1010
5392
5442
6207
7494
6428
2566
6144
5383
4979
4065
9842
5339
8647
4023
7222
2488
4452
8921
1349
8002
8118
6004
9196
631
5243
7453
3973
3061
3566
1718
5150
8958
8239
1356
7530
4666
3922
3673
48
9980
7738
968
6397
7464
4991
3618
9952
521
3618
1300
8524
2814
8384
8798
3445
3626
6251
7418
7766
895
214
2916
931
9532
4272
8461
5276
9274
2133
6403
9253
950
7372
5650
8414
3441
346
9444
3963
5043
1823
3565
7858
206
2362
2381
3832
9692
878
1597
586
2171
5592
1517
1703
9865
9978
6979
216
3190
4461
547
4140
1832
7276
2553
5273
7623
3075
9236
3744
4898
3879
1601
5104
6242
5062
14
7012
5940
2691
7599
9190
8283
194
892
8147
1251
8951
9442
4441
3411
9990
8581
6322
8344
2212
1594
5966
5287
1909
9711
185
6867
2390
6368
3108
8531
6383
120
4470
9074
8798
3660
7356
8992
5631
6582
1321
5660
7102
5762
149
8170
5421
6471
6514
7633
9145
3558
3999
2132
4347
5263
8999
7817
1630
2107
6347
9092
3306
1896
9244
3182
6635
7679
3252
3344
5339
4574
9005
3519
335
9154
1689
6836
6704
9282
4468
5848
2839
9546
7980
7187
4808
6978
6082
7518
163
2428
6609
4548
4324
6932
7730
958
4610
2061
4303
1027
6635
4386
4546
8049
3539
6235
4884
1321
5516
431
7169
9435
9977
5148
7700
5864
3205
3781
3381
4447
6209
1068
8996
1612
8000
7804
3649
3688
9865
9031
4715
7578
3416
340
5627
8035
6575
510
9356
3170
2020
6525
3683
1997
2751
1382
7861
7035
5163
2320
1482
2450
3388
1556
4062
2467
438
7712
6155
1382
6742
1949
8960
1237
2289
4586
9272
9943
6176
9706
4191
8196
7309
7874
1271
60
334
210
8174
5497
2530
9656
7948
5919
2290
3088
8386
2729
799
5619
4111
8621
8647
3070
936
935
8736
207
1957
5990
991
6148
5264
8301
5101
6536
9440
5435
6746
7613
2011
9277
8348
9959
6274
637
4125
5738
4445
6004
1356
9635
4624
3
3784
5560
2017
2519
6846
3974
9588
7837
1201
4851
7216
6302
1386
6655
2815
9212
5347
4826
9567
4773
5863
5840
6489
9989
1577
934
5992
2933
1647
1694
4015
5431
8333
6033
9029
5178
6
8616
4093
2286
3467
2388
9667
5932
121
2482
6222
5468
8387
5788
240
4250
1627
6730
5317
3204
8743
2387
7217
389
4081
1231
6900
2413
8343
5928
8670
9429
5623
3841
1714
9090
6229
1381
6100
7430
4942
2322
2897
3328
8110
4217
8657
816
2025
5052
4020
1846
7439
2315
3314
1519
4626
213
5011
2968
6142
4759
2396
1764
9680
5190
1932
6987
7650
9111
4416
2591
2511
8393
6998
621
3688
6734
1437
5713
1785
6536
8638
9225
9931
1951
1822
4556
3244
6834
8603
9386
2671
2078
2228
2350
7268
5239
9338
4917
5428
4832
8587
7940
3224
5584
9640
6912
3396
2155
3703
5182
8691
2340
4406
9700
4292
7307
5334
7536
4140
3937
8000
7891
6015
1306
240
4361
7624
656
356
3051
5489
8943
2069
8713
5605
1708
6704
9002
3863
406
4183
3633
2747
9668
3332
8118
6974
8667
6732
2193
3682
4731
1162
775
7116
2481
6215
5818
3138
6571
8869
9706
6592
2017
9497
2196
3725
6200
2276
7589
6607
7538
1221
432
8284
5632
8550
5258
4298
5281
8530
9059
1090
9692
9834
9285
2172
7127
5102
6389
3697
5049
6094
288
7066
6670
3564
1870
3948
6919
9459
1633
4457
679
2065
2740
6311
1693
9077
1688
8053
7606
1825
221
8376
2738
9506
1627
9865
5686
8016
3562
1814
5189
4929
9959
1858
9572
1828
5806
6491
2365
7440
947
4123
583
4766
1513
2277
3843
3201
329
2527
6105
1630
1982
8843
2214
3609
8708
7901
1624
3348
793
6813
8277
1830
9750
8928
4738
6635
5418
7103
4074
7444
2305
4657
2209
3818
8013
7131
8098
8343
9659
4202
9973
2719
3045
2186
6328
1752
1165
7952
6179
3037
5844
5534
5947
6672
4461
684
3306
9879
8866
7380
7322
2249
3116
610
6067
1128
7741
4164
549
8478
8367
1600
1196
2490
4866
8603
4242
7110
6555
1499
147
3477
7033
7173
148
1494
8936
3455
2451
8880
1913
852
1129
5029
2541
7196
7237
281
2439
7786
9839
805
465
2113
3295
5331
716
8616
2440
8350
1193
3666
1826
8226
1917
3053
798
852
7587
3250
9733
9501
5181
1940
5608
7722
9136
3923
9082
1574
2788
8920
3458
3253
2112
7832
9663
2828
7526
3181
1177
8719
7927
4082
6945
9844
8214
8822
1775
5801
2071
1507
6380
8331
3447
3066
6052
3661
6990
5134
6315
9778
5132
9773
4109
7244
8684
4850
1150
6209
8031
2327
4928
5957
7488
2951
5801
5702
1772
7576
2581
4923
161
8961
3253
4687
2026
9306
9427
94
5518
5741
950
1728
6593
6138
8973
5276
987
122
1484
9019
3529
7491
4975
2095
441
1854
8876
3293
508
1456
8216
1748
416
1468
7514
3522
1852
6941
4695
8449
2681
5646
177
352
1783
228
5628
2771
1429
7113
2868
6037
5682
8922
8133
6124
1855
8087
495
2363
9544
8711
5191
1038
1257
2704
5639
4189
723
334
2637
4484
5980
3893
4836
8842
4121
464
2691
6630
8656
5559
2666
4337
4481
1877
1539
7415
9965
2034
9778
586
744
6047
1624
2002
9831
7264
7270
553
8677
9907
5037
4656
3800
9874
4576
9000
337
8347
5629
71
3905
9375
4408
9465
2330
5948
6879
3373
9061
7736
3959
9806
4861
5584
2886
4691
3926
1234
5245
2602
1140
281
8337
6019
1233
3991
6098
2649
2337
1726
2720
7322
2179
8208
6786
4510
5234
4744
7883
4294
3558
2921
5178
8419
9584
9143
4189
3509
376
9434
7190
2596
793
6605
8615
2027
595
4712
5755
2933
7518
8476
254
775
7762
8119
5285
2995
3941
4247
7289
8578
7168
3546
6997
6751
2688
2264
1338
3065
1697
8528
6740
3569
5132
5354
6675
6806
1145
2430
817
8663
1984
1071
9438
9746
269
5802
2740
5289
1127
1107
3867
9374
4653
1942
7203
7342
4206
8541
1485
6982
8147
8225
550
4357
4657
7226
1162
5802
9656
1980
5543
2718
4130
6060
2463
5478
1861
6282
1846
4067
7389
5713
3440
2042
8734
642
462
2939
261
1947
999
8408
1250
1549
3843
5907
8775
6084
1709
9509
9143
8331
3305
4352
4390
5768
9830
7330
2049
2754
1396
517
8467
5915
2559
8279
6557
3021
1217
7897
6047
3295
7383
7297
4845
1225
4282
4698
7310
7070
5286
7531
5401
8591
1882
869
5438
2791
8200
8566
5545
9596
9083
5091
5511
2720
3369
3146
6820
5666
2122
3945
8961
9505
2320
3805
1809
6603
9583
197
4751
4868
7728
151
4537
9611
1021
9975
3480
9221
8541
9025
9895
8702
4115
6484
2501
7485
709
9321
3150
3910
3266
2110
3414
5586
6995
6302
3267
6577
6499
8019
2523
5306
8170
7060
4916
269
7035
9475
568
6654
8499
1542
6434
2614
9105
8935
1177
9814
9335
5406
3723
2600
7516
8217
9265
5589
5597
2532
3244
2096
550
5767
7402
9799
3906
3396
1147
2019
2870
2794
8673
2447
4336
6185
5061
3441
6199
7317
4333
5533
2722
9136
9212
1317
8431
8476
6906
4027
2086
1229
6123
3715
6996
4603
4593
901
9078
5740
2920
1947
8534
2671
5474
3949
9936
1613
7390
6134
8931
1722
2745
1652
1936
1956
4048
366
1510
954
4394
3597
2183
516
7312
257
6199
2983
2238
5276
8723
6237
8303
8336
8909
3776
2284
9923
5389
752
6056
5398
3553
8801
7051
5490
1835
1098
5856
3345
3131
249
6942
6393
1845
5333
7730
9123
8316
9968
4398
8118
6204
3779
6453
6191
7555
9816
6113
4023
567
3247
9421
5199
2047
7550
688
3882
9728
7624
7228
3937
8952
5248
330
796
1659
8060
9919
9976
9106
5396
9172
5309
9175
6703
2579
7809
6518
8692
1831
8164
1939
2330
3362
5065
9881
5130
26
9608
2753
8333
3544
1704
3580
4953
3580
6319
4091
4577
7373
3196
9973
6544
9585
226
3246
2163
8035
842
854
9866
9006
3872
2195
3446
8938
3154
8576
8964
3840
1328
7296
8464
3033
1954
3416
7692
8273
7508
2268
5645
1782
2241
3267
1366
2467
6513
3529
501
7355
5463
1445
7439
9335
4719
885
9351
7874
9461
9393
2792
1868
7767
1255
5980
800
5751
3671
151
3258
5939
6876
6119
8180
142
7486
1725
7735
2093
3305
5089
8635
5829
3607
9049
548
4492
9478
9501
3952
8871
3371
6899
6637
4627
2878
8516
377
6549
8668
4714
2488
5543
832
1746
5685
9397
4551
3419
2569
7856
9588
1203
4764
3194
251
6391
7686
808
5891
2716
9679
9262
694
7394
4967
3572
5910
5344
121
4577
1136
3688
1198
1969
5434
6883
1365
1063
1381
5013
9999
2047
6217
4762
5241
7547
1152
4005
8355
8122
7800
9112
8462
8494
6506
3429
2066
2415
9852
3266
8071
988
6954
9269
2957
3466
7230
5401
4530
9690
414
4528
1736
7710
9290
6977
5256
1520
2060
4690
9642
939
3801
8103
9433
306
2610
2577
3800
2462
6922
2949
3450
3875
3296
7486
8421
526
3965
2950
215
5458
8557
1952
3167
8925
7
9503
444
3147
5271
1164
4086
9072
9267
4597
457
2956
7175
5336
5418
4096
9365
9947
9051
2660
8511
7471
3186
2475
420
4481
9013
55
7512
2179
8980
8598
2760
9424
1744
8031
587
6909
8182
932
1506
9718
4967
8681
6132
384
3855
5496
1409
2905
8157
9920
1454
2421
3474
2953
6902
2486
3008
5492
5744
1987
4090
9584
2489
6913
8693
4155
3822
7953
6167
5328
7670
1133
5087
3802
2597
8942
9298
4006
2926
8533
3926
4380
954
8479
7334
8935
964
341
4427
7787
3408
9596
7370
6976
6508
6063
1131
1408
4015
7298
6736
2764
9510
2901
6566
2106
2922
6942
6113
5848
5475
1117
1306
7508
9596
9719
6442
559
1139
868
8346
4547
1542
6795
1522
8051
2857
3732
537
7951
1029
8353
714
1618
1253
8359
3724
4175
5301
9837
1101
1854
2032
2408
440
1627
2126
6882
3265
3265
8830
2690
8891
371
9485
1492
9501
3420
5224
1117
1370
7333
9470
3164
8951
722
1522
2674
4898
7902
3590
5999
834
5622
9486
1274
8329
1612
9236
1593
5956
8065
4283
4847
9515
4846
6339
94
8266
1562
1211
715
9974
680
3879
8924
2481
6480
2677
7379
4382
6267
4457
5216
2967
3942
7570
1295
6633
6805
2889
2589
5948
8251
8515
5462
4176
5932
6635
2441
8573
8925
4235
8547
683
9193
7470
3165
5673
146
543
54
7492
6079
6349
459
21
3918
1754
7733
722
5722
321
6670
5052
9915
3211
9228
5846
924
2747
4419
9850
6983
4044
532
6175
1513
3697
1847
2739
5320
2980
230
1398
9330
1768
2498
3247
4602
231
5049
323
1631
2797
5375
2625
6008
5681
8471
8012
8429
3968
7861
5411
8012
9472
2664
604
4248
4512
4422
9568
7492
5731
2044
7900
7500
4543
1147
2101
5853
7275
3503
8563
71
9958
1187
7159
5638
737
5170
4066
5784
4109
555
4875
3580
3220
6558
7828
8811
979
8474
7381
6710
518
5281
5288
6140
7507
7389
1992
4781
892
1633
4852
1928
2821
3089
7566
4637
8259
1632
420
3446
3266
6374
8106
6486
2931
7012
6375
4989
5486
3756
1699
7083
115
6987
3222
7622
5455
6293
3481
7426
7926
9412
9354
1825
2501
6919
7541
1838
9630
9041
5285
3975
5414
4469
460
8346
1480
7915
3334
6966
2749
6112
4048
2864
4178
8349
1564
711
5720
6124
8137
3646
5535
8569
6550
9115
6566
4091
2032
7275
3131
8396
1249
9624
2864
2788
7969
4344
702
2382
2389
3451
9573
7516
7394
4829
6944
36
5540
2663
6160
3676
6309
2774
3323
3938
2967
9890
9108
4999
7164
2238
3394
8413
1861
6258
1200
909
1681
2982
4370
5149
7512
5021
2664
4906
9851
9608
4942
5390
2271
2181
145
9659
4955
3468
3596
7922
3357
3782
4000
1599
6020
7394
11
8961
4731
2291
948
6412
5273
6397
2639
2784
1417
5303
8769
2346
5990
4790
7737
8261
6971
7882
8998
3004
2428
3673
2004
6865
7455
6004
8464
4554
4477
8476
4593
9208
1845
6620
6698
7118
4095
415
980
6591
5718
9750
8938
1707
4539
6674
1046
2588
5634
1123
5592
9141
4796
8675
6005
3329
5758
4469
8962
234
4023
3554
520
5868
1252
8297
4064
5347
8712
5044
1938
5508
5872
875
8295
410
8628
419
2998
5340
1542
9669
4480
7417
9423
1564
1825
5180
6033
786
6493
1134
5420
8092
7002
6672
7467
2144
2019
6178
8267
3957
2764
4139
5911
1058
4549
5617
1478
8627
956
4099
9374
6515
2595
8796
8079
4420
3975
5190
5206
1546
7403
625
9638
4404
7298
7104
7627
395
4360
5894
5431
7125
32
1341
9262
5660
8037
1818
5365
8993
6997
4739
6586
9592
4613
5744
4011
9668
2012
295
1213
9416
2000
851
4898
376
9034
2525
771
4473
9498
7281
1597
9530
9701
1937
6268
7737
4835
1633
7808
1831
6372
4393
1422
2063
1215
6512
1730
4307
7886
2944
3722
9886
4874
8620
261
3907
2223
2111
8380
1720
9392
1055
2328
9092
4072
8597
7907
8907
229
5714
737
7680
1186
3238
9743
2401
828
2552
6708
8714
5496
1508
8600
369
1207
9940
5355
3430
3130
4814
6230
3600
6948
8558
2692
2098
8233
598
1004
9541
7392
2820
8299
8578
7137
9121
2057
7965
1672
9845
6679
7168
1352
6357
8616
2559
7375
5049
7069
504
941
3298
4105
7890
2934
7876
9988
1167
9553
2071
707
8023
5970
9007
6600
3107
8127
8658
1071
877
9581
8829
8045
932
6264
7739
4571
3639
2787
1639
5222
3729
4937
405
2697
8950
9360
3763
116
9992
5834
1903
8014
1804
909
5693
4911
114
5429
7061
991
5009
6969
114
5941
3232
7853
511
7950
1718
3229
4251
5447
9245
4656
8144
8195
5095
2986
8311
5086
8820
213
4178
1702
2201
9871
7692
3394
5299
4753
5464
307
2800
5578
7328
6032
4509
8918
5061
6228
2147
9312
1674
1391
5046
897
664
140
3883
8976
6305
3781
267
483
5484
3548
1432
4254
6942
6732
85
2406
8118
2885
7984
5445
9997
2493
5442
5057
8721
8668
4368
1473
1137
9414
3449
1802
633
7332
1856
8017
2192
2123
9579
7676
5671
1011
3008
3692
8822
3094
6098
6939
5979
5160
3463
5975
8732
8905
1031
8531
7572
6478
1083
8709
6971
4532
510
8683
2943
3445
6699
5135
5569
6278
2810
2318
7289
6897
7089
7189
9991
4265
4127
5970
9426
7590
3023
9236
7573
5134
8846
5144
2690
9929
4932
9661
4460
6521
8343
7403
9967
6121
3616
6614
2398
7505
8932
765
4402
6021
7954
4392
1364
3159
1440
789
1828
5543
1104
9401
676
9950
5624
3366
956
555
4106
6495
8155
3527
4977
8121
9648
8593
4734
3124
6098
4745
4968
499
1844
4000
4891
3208
8239
7411
5077
66
2953
6181
9467
4708
7209
6169
9153
8165
6724
3258
4659
4879
7865
9636
4078
8591
8229
8813
2794
4326
4636
8841
5904
6480
2841
1873
9688
2158
9284
4764
2224
3315
2023
2769
8023
9232
8939
7176
8475
6741
1512
3134
2698
9377
3848
6777
9047
2076
6668
1840
7481
1303
680
4463
8862
4600
6337
9628
6758
5620
5471
8982
8936
7494
2830
8037
7805
2847
5212
6279
9588
7804
9413
3365
8259
4340
1220
7305
6416
8967
9145
4976
269
904
9439
209
5504
5775
9837
3341
2474
5307
2322
2488
3880
6231
524
1684
9078
6816
7963
9745
5698
8455
3109
3956
2794
5408
1261
288
4374
1484
6343
5722
3467
5782
5931
50
2635
6846
3391
5109
2153
6792
8676
6033
3023
279
7717
2100
7095
6758
2923
2792
6291
7111
7827
163
2518
166
452
6892
2730
6795
3692
6197
3655
9623
6247
6291
6469
9638
2478
9701
6430
2233
5733
9453
2512
4528
2631
685
2364
6634
3477
9735
3744
1303
9898
7342
2549
1428
5312
5279
8224
9005
1475
2957
9706
8802
326
7253
8439
2805
6953
4868
6117
3764
5399
8629
9371
9110
9314
2814
6822
3869
2548
565
6251
2445
7907
8800
3874
3219
4078
3176
3302
6633
6133
3007
5434
6460
260
3872
343
7213
9820
6460
2056
6297
6167
1426
6485
6559
4240
3306
427
6788
4951
7757
312
2857
6557
4186
7155
1713
8441
456
8346
4573
3464
4858
2111
4803
8731
3533
2015
9629
1071
4071
7004
7238
6577
3489
3796
816
7874
5302
7605
2824
3059
8996
6761
694
3181
3915
2407
1621
5451
1832
7273
9994
6690
9385
4796
6499
3996
7890
6127
5068
1961
4210
3384
8538
7699
8260
432
5572
3561
9116
8397
7699
8111
6236
8393
1291
150
1879
3991
6680
4790
2343
6673
1479
2806
2547
9058
6802
437
6263
1869
2398
472
6333
2014
9250
4592
2446
4822
9232
1562
4297
6931
751
532
6402
2043
1761
9360
7113
9521
4149
9456
6193
6708
2261
8741
5765
142
256
3106
3090
2654
3579
9423
5747
2828
4014
8193
8729
3246
833
4104
1255
1585
5715
7657
4707
7477
8096
2898
8076
2244
3433
5347
30
6773
4087
6874
6915
4343
9981
5
8076
3559
9428
4901
7466
3442
4173
6195
7767
5006
298
9022
7670
6014
7757
3455
4569
5852
6354
2644
9176
9787
7991
9206
6559
3157
6080
4553
8579
7139
4558
7734
697
3985
2634
8163
8506
6807
5436
7351
2892
5735
6372
561
2827
5208
5096
8475
1059
2528
2197
234
2314
187
519
9952
4423
7678
5583
4081
4816
140
2893
5513
5205
5527
4754
4789
3413
1269
2140
6305
7004
9591
7945
909
4798
4119
9384
5858
6647
1580
7171
39
2846
7690
1070
8349
6446
6653
3508
1261
6794
6401
7853
3077
1927
2607
7866
6419
3876
5
3802
1958
9597
2826
3946
5473
6945
4408
2409
3592
7067
9581
3631
991
8349
5780
9340
4795
2433
2847
6056
9227
9248
3909
3382
2254
7595
1247
9752
2549
2332
3554
5586
3007
6380
610
8480
3324
5018
889
7995
2084
469
2705
3075
9897
8485
3494
4691
917
6341
1826
1222
6668
6814
4604
0
5487
6931
9752
8036
9263
4384
4700
2269
763
5310
748
5167
327
1637
4240
3490
3185
6945
7644
4161
6509
1137
9931
7426
8558
1756
9728
6304
9649
5410
6304
5135
2340
7134
4249
1602
1518
27
3871
2281
5337
5699
8527
6743
8415
2767
1311
1600
790
8956
5761
7299
92
5691
5804
9729
8527
6610
6032
8175
2019
2335
4389
4360
9470
9717
5962
987
9745
912
4347
6160
7690
3953
2903
6104
7799
4214
8783
9668
4248
5622
8046
4341
2392
3849
5148
918
458
1180
171
2477
3515
5639
7916
4063
5356
4957
6129
6179
6948
1555
2338
4637
5508
5241
1819
4385
534
602
4052
4782
6224
2097
201
8616
7025
5350
612
8562
6530
784
2118
1123
7502
33
6266
2857
6069
2394
9036
3016
5028
2453
7653
1614
7694
9473
5999
9307
1153
1130
5168
7377
3227
5369
7072
1331
1797
7684
9893
9406
8468
3089
1608
7049
3123
7874
9906
9192
1346
20
3287
6375
2473
939
7989
1245
1490
3988
1631
2643
5118
6799
1099
9424
3246
8171
754
5044
5854
1726
4449
5401
4815
7136
2449
9017
5009
3433
9288
6356
3453
2574
3809
7005
4592
1797
9330
6083
6864
960
9805
3060
7759
903
2484
2083
9074
4317
7127
6007
7122
2655
1407
3016
9791
4935
2032
5879
8368
1319
2234
2900
4972
6043
983
9565
8919
312
5647
5783
1272
5451
8843
109
7434
2405
2193
6507
7802
398
3592
4923
4132
6078
7939
5002
1012
1050
880
459
3448
4193
4438
8421
235
5421
7985
232
5734
3631
7094
8085
160
5937
9274
7594
9421
2545
5180
7222
4022
8772
3224
8155
5929
2241
3156
6941
3291
5115
8479
7819
9308
2916
6239
621
8338
4223
853
5150
8933
7948
4313
171
4963
4665
8845
4383
8289
4024
2684
2311
3874
6987
1544
9803
9228
5779
7823
3598
893
6301
1416
200
9218
7655
821
8634
2956
1674
4862
2967
700
9175
3138
5663
4919
1982
1125
3207
7085
4888
6597
959
1874
8141
1840
2180
4998
9663
5778
5891
7043
8273
7170
6260
7006
7991
5972
9962
744
833
2928
2523
1086
7146
9266
6005
9128
390
9213
6213
6357
6888
8251
9310
5029
90
1489
1105
832
7268
6997
7875
6619
4166
5213
3625
3236
1184
4665
5059
3096
8673
7582
4182
5818
6847
187
6024
8316
478
3315
4672
7366
1565
3981
3473
2735
6550
4579
3567
4896
1575
2520
1514
6820
8812
5139
1134
9996
883
6193
4170
9556
3775
8352
5373
1700
8539
2475
16
95
5791
5767
7462
7356
827
934
90
7377
5513
4736
2272
8167
8335
4865
4987
7146
1083
6121
8220
1966
3393
2389
1521
8247
1820
7973
9947
358
447
9963
1533
6238
6809
8995
4673
8715
9929
5842
6091
6521
1657
9442
4687
9992
4306
752
8217
5389
7953
6436
8434
1345
9905
9955
9592
1724
9006
616
3161
9454
1658
4694
6770
8467
4767
1442
7181
4696
8364
4350
2295
20
3791
6982
1090
9176
8814
9307
5644
6766
6822
4077
9190
6726
4032
9860
9529
4116
475
3768
3569
2133
8463
1418
1678
3229
2860
8859
9004
2302
3208
1298
2322
8078
9360
3413
8333
9252
3798
3976
7096
619
8053
6285
8424
3163
7223
9031
7280
8777
2799
1927
910
1261
3345
2588
5569
7285
2526
5652
9587
6813
8029
2988
5970
8467
7480
4302
7718
1277
8278
4813
1897
7409
2176
1399
1651
477
430
8931
9255
3229
1936
164
5569
6361
3831
2216
3645
6357
7868
4310
4249
5897
7298
218
4363
4777
4520
3160
7134
3876
7973
109
1284
1228
1508
2935
1705
3017
2944
959
6246
5960
2202
2893
2320
6034
5110
5965
3469
4056
1353
7718
1031
8652
9015
5395
4507
3534
9634
1640
7410
8685
2828
8695
9913
4337
2708
2697
7354
5653
3656
4679
1612
6938
7572
5011
2971
3760
975
7519
7817
3407
6316
8848
2058
5330
5321
7645
8865
4954
363
7353
3639
3192
7126
4630
8608
9835
7327
7040
6566
2062
1718
9257
78
369
4267
3049
4129
6321
1646
3024
9728
7962
1872
2865
3292
8272
1588
3235
3226
3030
587
7944
6222
8793
3652
5908
9706
2058
2948
6271
5199
4666
6606
5277
6114
1951
9405
1322
8272
1050
4346
9078
91
7297
3021
3383
5569
4609
7697
9874
7640
9363
8896
4940
8155
2547
848
7860
4605
3796
5209
882
9541
2893
6159
6734
4844
5563
8056
4194
7693
2401
3272
7784
777
7372
2245
6346
3060
1020
6219
1778
382
5114
6718
9617
8740
8645
8555
4424
3519
4843
5306
4139
7736
2544
872
2580
8107
8928
6774
6878
2407
1124
5740
3184
9576
9064
608
2635
83
7906
4413
1545
3019
2209
2240
1759
854
1873
7262
4373
6716
2567
8512
4452
5111
9384
8111
4297
9390
5963
1174
2876
8167
7994
7139
7742
7057
7748
376
8220
5653
5868
9765
9752
8077
3083
2589
8931
4956
9851
3304
1672
2417
2894
7203
8608
3357
6392
2904
2746
2354
5157
6701
1599
3150
3840
9341
1286
2666
795
9506
8319
6663
348
9149
4740
3431
1737
4749
9466
1587
8053
2216
5084
2026
9419
3691
5383
6889
6595
9208
322
1751
5909
1921
5981
827
1262
8346
3493
3136
7851
2890
9800
9278
2039
5618
3787
3776
366
3252
5364
9499
5469
447
1524
5966
5217
7986
2855
1811
7193
3177
4641
4180
6177
1700
5007
8518
45
8500
1654
8975
1390
2532
8252
3429
8150
2038
8284
8516
6370
4726
9093
1838
6252
616
7804
1468
8602
1737
3279
6874
5993
9000
1053
2170
699
6061
687
1824
5639
3420
798
8108
5952
129
2615
4101
3246
899
3696
9616
5625
2788
2532
1877
4484
1415
3345
4164
3152
7704
1037
224
7782
2091
2394
9560
9231
4160
1383
4869
7581
3261
2977
4611
3390
6671
9792
6636
7570
3487
7331
4274
7354
9863
7230
2916
2356
1653
7081
6588
9357
8118
6812
8217
1287
284
7777
517
4444
9160
6466
3103
2420
521
7715
6889
7192
7506
4604
5841
2071
1934
114
503
2875
7344
3420
5232
8997
500
1819
9433
9697
9710
8728
984
9994
6504
1501
5516
5664
9046
9699
9163
9567
8492
6052
6759
7076
1734
2599
9147
4747
3792
9650
8701
1135
4148
5011
1210
5727
7909
1721
5424
7618
449
6408
7611
8032
8988
4206
3695
8034
3904
3937
7600
2395
1067
5437
9471
2801
8036
9696
8627
2906
423
7327
5120
4572
2338
6331
298
246
9131
6801
7865
658
4287
6554
8691
3275
759
3464
2387
5742
8480
1065
8137
9547
7582
8686
3426
6696
9460
2052
9603
9884
9380
4722
5534
1717
2131
5832
3042
1262
2633
906
2999
6920
8540
2768
1273
9299
6233
4739
6120
4712
6884
5335
5338
4465
4021
9843
1160
3480
1895
762
4442
2353
6564
9976
5149
8695
5808
8191
1035
9520
176
4035
7518
8716
6803
9871
9093
4114
5688
5212
9906
2571
547
6322
8115
5647
6164
354
9127
9138
2195
4648
1490
8759
4623
6639
7454
1509
5909
8489
1028
6085
3602
9626
5879
1484
9496
4971
5598
5183
183
6582
8834
1809
3982
6948
7456
146
7302
7661
9284
9498
2308
774
9335
6932
8492
6788
8441
5479
5277
548
1563
8879
173
7442
362
747
3492
7040
7009
3675
4700
5842
5484
8683
3869
4018
8829
2249
1678
9191
2825
3987
1043
2160
918
614
8948
9359
6093
5303
985
8736
5261
1158
6177
6702
1905
747
3741
9994
4422
9521
5835
984
8203
782
5002
8110
3032
6681
8379
6936
1746
9423
9096
2664
36
9123
3101
7208
4425
4087
5943
764
6324
3199
7467
9309
3946
2286
9302
9448
1806
6215
431
1087
6998
6513
275
1108
4272
8655
8044
6018
9156
7140
9761
270
7341
2861
7478
1765
8027
3421
2530
5430
6620
1075
4738
1644
3361
5118
1091
5168
1332
2602
7334
9409
9115
7610
516
4465
7343
8561
482
6498
6779
242
6768
4119
4182
5324
6963
3288
8745
571
8718
6443
1646
3455
8088
5008
9652
9179
1254
2062
1780
9667
1471
1973
8355
1987
6438
5697
1626
6920
3273
9484
8241
1119
3602
2423
6444
1644
5711
5188
2215
5507
1631
3862
40
797
9949
9692
9976
2281
1753
2835
1947
3224
4808
1381
6291
1246
7078
8996
9245
351
8480
8565
1470
3160
2066
7914
4804
8856
4181
7020
4362
6891
1960
4402
7688
2987
4093
8742
6347
6925
1576
9373
1228
7464
753
8598
9789
7832
7593
9033
9262
7151
8676
1810
311
741
803
5115
9597
4984
3213
3958
2953
6252
9439
640
9239
3531
460
6664
1535
2037
6037
2763
9501
6790
1360
367
5700
31
478
6040
7183
9155
7851
8573
9896
8654
3687
571
4716
7980
4529
7669
5310
3968
9388
5628
8578
9848
2291
1191
2963
8328
3954
3542
6197
6393
3909
1896
6425
4388
7937
4686
3542
6866
3258
4516
5519
8024
5087
1313
6003
695
60
1313
4663
526
6941
4319
373
310
6590
3337
8639
543
6879
5914
8016
1867
7810
5519
6255
6825
204
9797
3690
3462
4312
287
1485
478
2679
8568
1173
2739
959
6915
3265
8979
1233
4718
9289
7823
9134
9006
9446
7091
4919
8540
8958
3808
4058
5212
1711
4262
6087
5402
8803
1478
6768
287
1956
9448
9934
3129
3265
892
43
7610
9871
2355
2327
238
1257
2539
322
1781
9630
5242
320
9667
128
4378
5957
1839
9719
2044
8320
8521
4601
5088
9887
6557
5614
9821
764
8879
1791
807
7567
2741
4241
972
2979
5498
3511
3301
7279
4220
9622
8678
3886
9750
4134
921
2668
3852
2965
987
3451
8645
6075
3338
5201
2767
4237
5965
2725
6028
7851
291
8769
2092
1264
2826
8669
4775
6128
7027
8995
5749
5704
3959
6578
917
4881
9246
4769
8925
232
9300
7570
7387
2637
3849
153
7953
893
2878
3980
9823
3170
3828
2993
5513
6654
1662
287
2781
8689
361
9610
5471
5399
7266
6388
1358
6511
2236
1362
7822
1535
10
5208
5251
3859
6441
3203
5831
9319
8262
5654
3567
2089
8647
158
9823
1387
446
2603
75
1886
3291
6626
8364
556
3013
9723
8146
5249
2163
5968
7863
2173
1175
3113
6032
8695
7395
2942
8014
5657
8596
2659
8825
8321
2818
8647
9709
4343
2329
862
7308
5620
7488
6750
7256
1580
6472
5401
7908
8635
2447
5771
1886
4702
9963
7919
3396
7358
1939
2488
3014
534
5148
1838
9934
9045
1564
720
4466
3893
1583
2852
591
149
9602
7847
2808
7153
4327
716
6866
7853
7566
8753
2554
7528
7750
5951
4885
9689
8439
8978
1301
4665
1895
1234
4788
3459
1955
9254
7352
4617
3184
7943
4766
2786
6869
7575
1017
2274
9370
7883
126
6935
6635
2681
5541
5463
8632
426
5151
8149
482
6452
2814
2377
7687
7602
6915
720
7935
5345
5337
2197
3288
1181
4983
1235
9835
6000
3509
9204
4962
3635
7217
2675
7395
2758
8139
6026
4263
3289
5254
4745
9742
8068
8202
8507
6748
6195
305
5761
1540
5642
7959
5907
7902
4020
7142
7737
20
650
8019
6061
5364
5236
8736
2759
7994
6874
9864
2256
163
5117
8080
983
3184
7360
568
1011
3555
873
6772
6174
7594
5809
2080
5495
9830
9222
3231
928
950
2329
6989
6314
7565
5724
151
6637
2598
15
9972
3840
5132
8051
4823
9396
6490
5391
406
1123
7343
8257
7297
4936
5145
9377
430
4974
9677
4741
5902
626
7070
2890
8019
5713
9693
8171
2349
2290
9265
2320
6130
4396
1449
2031
4870
7939
8501
5276
9062
5843
4612
7437
778
9757
7892
1209
5809
8647
7029
2789
351
4098
5679
8371
9811
6450
7620
2159
8741
6884
5558
5949
2358
7007
9060
7229
4946
7560
3583
5086
3403
8195
3602
4181
9030
1493
6469
5917
140
3497
8706
491
8674
5463
9941
9563
1913
8639
2800
1732
5522
8358
7681
7881
5365
6740
5109
1389
5379
9771
7554
8782
9045
2234
4041
8074
4807
510
5070
6026
5086
3775
7596
4839
9239
7537
4401
2230
6175
8281
3962
2776
6638
1642
1735
3081
9462
7923
5549
4840
7693
4182
4700
6737
6416
8741
5890
1222
329
959
7248
5416
5813
4844
1333
5051
3459
5734
7281
712
4014
2321
3488
1731
3964
6302
4812
4504
4224
1440
9344
1917
5622
4043
9733
2037
3862
5622
3260
4192
7660
1586
686
3473
7509
2019
9603
967
8832
7963
1680
3925
283
6247
6735
4247
2549
2625
9830
6773
4065
251
9769
9687
4294
9502
2803
9236
6202
6063
3427
3862
8728
5192
7335
6237
7211
6937
7204
7121
4899
9963
2124
5183
6210
8859
508
9838
1484
338
7689
5549
589
7458
6315
5963
8038
9118
5198
4239
6259
9704
8101
4986
4895
6514
2301
3184
3451
9506
304
9429
546
2429
5690
7835
2366
6199
7672
3850
7616
6440
478
9284
4976
7872
6325
3013
6989
2601
8331
4326
3383
7511
390
8278
4024
2692
2540
8554
3276
3924
7983
3822
6353
3672
1657
9798
949
407
4727
9644
6847
5205
6
1822
4155
7410
5914
2222
1090
4245
6548
4473
2834
6938
3830
6858
708
6370
5412
3984
293
4473
8886
7725
9224
1621
7523
173
3107
3328
895
9955
8533
1980
2855
2687
9391
8770
4909
480
4093
2535
6032
6927
551
940
4863
1260
7311
1353
6323
8683
5826
5208
7487
5050
7908
6088
6302
1015
9416
8276
2048
9027
256
4903
2792
725
4751
8780
2284
9923
1314
8316
7928
1865
9257
2791
4204
7646
5223
1606
7407
1049
7893
4893
7178
5801
2059
4558
6816
1474
2833
8864
500
4168
4845
4371
4893
9597
3150
8256
597
4464
6572
8526
7409
6907
2395
2691
5631
7618
4297
3037
9746
2190
9010
8002
9070
1068
2559
5885
2543
6472
5827
4122
639
1750
8494
6612
2425
1643
4867
3023
7187
2517
1548
5674
9424
3943
8365
6133
2639
3741
9171
2385
5931
8180
1465
5000
9248
4025
1963
2869
1575
8869
8071
2214
618
6564
9905
3044
9286
5851
6067
6472
8368
8694
3224
8871
3715
1589
5003
6354
5330
4173
9818
2339
3431
1283
8418
3758
6387
380
6627
7962
9249
5776
1254
945
2339
1159
3989
2704
7010
1134
254
5377
9828
3479
5326
3542
5068
329
9897
1476
5581
792
4894
9013
2075
3311
3849
8462
3691
1554
7502
4018
7331
8757
4963
748
9916
31
3452
6925
1165
3707
3380
993
7186
8707
4535
3332
114
5510
5887
5695
7382
780
5786
9457
4091
9635
8998
8861
2268
6499
2878
9599
6334
8920
346
6249
8951
4878
4252
1195
8585
8712
2188
6849
8497
7802
1259
8611
4391
7146
5384
1772
7926
1170
2307
3095
1883
2383
1955
5230
9962
5912
4828
6295
4831
6254
3623
4861
1131
7875
6056
794
6586
9323
8722
5082
7124
9981
4771
2593
7126
155
5444
6130
2404
7752
9225
4287
1213
2258
9518
1174
8170
5424
8549
3000
2756
2171
7861
4966
45
4995
5760
7711
4317
4481
3871
2520
5540
8643
5113
2665
9877
557
9874
2280
9388
9098
7646
600
1355
8242
2854
603
4745
2481
3604
7501
4652
2543
2467
5776
8618
9306
4565
2934
4866
8437
5454
405
8158
567
3071
9113
2203
4023
1392
1590
3121
116
3269
5555
8359
7202
7238
3103
9683
841
1682
4334
4463
4149
1189
3080
3455
5754
7094
8321
5269
2547
9805
4505
4193
3954
3617
7475
7978
5009
9065
2177
5126
3413
8811
4563
614
6048
8745
1376
7968
426
5710
2431
5655
7978
6590
9110
3732
